
  "button": [
    1, 3, 4, 5, 6, 7, 8, 9, 10, 12, 17, 19, 13, 14, 15, 16, 20, 21, 22, 23, 24,
    26, 27, 28, 29, 30, 32, 35, 36, 37, 39, 40, 41, 42, 43, 45, 48, 49, 50, 52,
    53, 54, 55, 56, 58, 61, 62, 63, 65, 66, 67, 69, 70, 91, 93, 94, 95, 96, 97,
    98, 99, 100, 101, 102, 103, 104, 105, 106, 107, 108, 109, 111, 113, 114,
    121, 122, 123, 124, 125, 127, 128, 130, 131, 132, 134, 135, 136, 138, 139,
    141, 142, 143, 144
  ],
  "card": [115, 116, 117, 118, 119, 120, 145, 146, 147, 148],
  "manual": [
    2, 11, 18, 25, 38, 44, 46, 47, 51, 57, 59, 60, 64, 68, 92, 96, 126, 129,
    133, 137, 140
  ]